6; 1,665; 79,0
71; 1,551; 50,0
74; 2,187; 55,0
70; 2,431; 47,0
73; 3,557; 60,0
76; 3,57; 49,0
78; 4,207; 51,0
86; 5,298; 66,0
3; 1,905; 65,0
70; 3,786; 63,0
94; 4,998; 67,0
71; 3,39; 56,0
77; 3,495; 50,0
71; 1,443; 63,0
3; 1,222; 64,0
25; 1,861; 44,0
26; 1,389; 44,0
73; 1,787; 60,0
78; 1,406; 61,0
70; 1,912; 46,0
73; 2,793; 70,0
1; 1,291; 63,0
67; 4,656; 74,0
74; 3,345; 63,0
77; 3,284; 65,0
84; 4,397; 68,0
71; 3,734; 60,0
92; 5,332; 72,0
77; 2,535; 78,0
92; 5,407; 75,0
67; 5,2; 51,0
71; 2,137; 67,0
73; 3,965; 68,0
3; 1,132; 75,0
67; 5,188; 56,0
3; 2,244; 72,0
71; 3,545; 63,0
92; 5,161; 72,0
94; 5,053; 62,0
70; 2,424; 55,0
78; 3,01; 58,0
85; 4,211; 71,0
86; 5,101; 43,0
97; 5,071; 66,0
84; 4,207; 63,0
71; 2,332; 57,0
77; 1,918; 61,0
84; 4,523; 68,0
92; 4,585; 73,0
94; 4,326; 63,0
15; 1,773; 82,0
71; 2,418; 60,0
77; 1,956; 62,0
70; 2,477; 53,0
76; 3,093; 50,0
78; 2,995; 52,0
3; 0,784; 64,0
10; 0,975; 83,0
40; 1,175; 68,0
3; 1,367; 63,0
10; 0,99; 70,0
18; 0,781; 62,0
34; 2,545; 69,0
35; 2,323; 59,0
46; 2,45; 75,0
52; 2,442; 78,0
54; 2,433; 71,0
70; 0,949; 42,0
98; 2,556; 0,0
97; 4,458; 66,0
3; 1,466; 66,0
52; 2,681; 60,0
63; 3,488; 55,0
70; 1,858; 29,0
73; 2,525; 44,0
76; 2,236; 35,0
85; 5,149; 72,0
86; 4,677; 55,0
97; 4,772; 66,0
3; 1,423; 60,0
34; 3,572; 73,0
46; 2,385; 70,0
51; 2,506; 75,0
3; 0,96; 52,0
10; 0,876; 41,0
70; 2,093; 47,0
73; 3,194; 51,0
76; 3,414; 49,0
78; 3,566; 54,0
85; 5,117; 76,0
97; 5,446; 62,0
3; 1,02; 52,0
10; 0,854; 40,0
35; 1,51; 58,0
40; 1,44; 58,0
46; 2,055; 74,0
51; 2,082; 84,0
52; 2,75; 82,0
54; 2,776; 74,0
63; 3,874; 60,0
73; 3,273; 47,0
76; 3,092; 39,0
78; 3,581; 45,0
86; 4,303; 49,0
67; 4,041; 67,0
71; 2,86; 52,0
77; 2,731; 49,0
84; 4,056; 71,0
92; 4,549; 58,0
94; 4,879; 55,0
1; 1,693; 54,0
6; 1,583; 39,0
62; 4,384; 75,0
64; 4,448; 78,0
67; 4,483; 71,0
77; 2,876; 54,0
84; 4,546; 76,0
1; 1,143; 51,0
6; 1,82; 51,0
56; 3,459; 77,0
62; 4,766; 67,0
71; 3,122; 64,0
74; 3,732; 56,0
77; 3,185; 65,0
84; 5,939; 70,0
94; 5,993; 57,0
97; 4,599; 62,0
76; 2,821; 51,0
78; 3,39; 49,0
86; 4,595; 45,0
97; 5,01; 62,0
70; 1,986; 54,0
85; 3,818; 74,0
86; 3,362; 43,0
97; 3,842; 59,0
3; 0,965; 69,0
58; 2,44; 70,0
60; 2,516; 72,0
62; 2,529; 69,0
71; 1,956; 57,0
74; 2,242; 53,0
77; 1,44; 63,0
84; 3,555; 66,0
92; 2,941; 70,0
1; 1,637; 71,0
6; 1,055; 78,0
67; 2,922; 76,0
84; 3,252; 70,0
92; 3,424; 65,0
1; 1,612; 57,0
6; 1,429; 78,0
64; 2,874; 84,0
74; 2,213; 57,0
77; 1,956; 54,0
62; 3,641; 75,0
64; 3,34; 79,0
71; 2,726; 58,0
74; 2,283; 50,0
77; 2,053; 53,0
92; 3,857; 68,0
73; 2,301; 55,0
1; 1,93; 55,0
74; 3,693; 58,0
92; 5,482; 67,0
94; 4,915; 58,0
1; 2,436; 57,0
71; 3,689; 51,0
74; 4,015; 46,0
77; 4,574; 56,0
84; 5,758; 64,0
94; 5,002; 56,0
1; 1,901; 60,0
1; 1,552; 58,0
6; 1,58; 70,0
67; 4,973; 76,0
77; 3,477; 56,0
94; 5,142; 53,0
1; 2,067; 55,0
6; 1,961; 60,0
60; 3,889; 63,0
62; 4,062; 64,0
64; 3,814; 79,0
67; 3,8; 75,0
71; 3,048; 42,0
74; 3,141; 41,0
77; 2,818; 40,0
84; 4,647; 65,0
71; 2,538; 48,0
77; 2,31; 55,0
92; 4,162; 65,0
94; 4,091; 55,0
70; 1,688; 35,0
73; 2,014; 49,0
76; 2,602; 41,0
3; 2,347; 52,0
54; 2,85; 70,0
3; 2,947; 54,0
10; 2,707; 71,0
34; 3,534; 87,0
51; 3,168; 80,0
52; 2,779; 78,0
63; 3,565; 72,0
70; 1,51; 43,0
73; 2,661; 53,0
76; 2,931; 50,0
78; 3,153; 62,0
85; 5,267; 70,0
86; 4,408; 54,0
3; 3,097; 47,0
94; 5,164; 63,0
1; 2,217; 64,0
6; 2,069; 57,0
56; 3,07; 67,0
58; 2,763; 75,0
60; 4,214; 73,0
62; 5,697; 77,0
64; 5,541; 78,0
67; 5,503; 75,0
71; 4,279; 56,0
74; 4,587; 59,0
77; 4,162; 66,0
63; 4,973; 70,0
70; 4,196; 39,0
73; 4,326; 52,0
86; 6,259; 50,0
97; 6,373; 67,0
70; 3,04; 58,0
73; 4,051; 60,0
3; 2,148; 73,0
70; 2,86; 47,0
73; 3,9; 59,0
76; 3,889; 52,0
78; 4,233; 62,0
3; 1,729; 74,0
70; 2,239; 51,0
73; 2,928; 60,0
78; 3,877; 51,0
3; 2,656; 67,0
60; 2,731; 70,0
74; 3,666; 52,0
77; 2,851; 57,0
56; 3,061; 68,0
60; 3,397; 62,0
71; 3,074; 34,0
74; 3,613; 48,0
77; 3,743; 40,0
84; 4,681; 55,0
94; 4,788; 58,0
67; 4,7; 69,0
71; 3,02; 36,0
74; 3,271; 35,0
77; 2,989; 42,0
76; 3,911; 52,0
85; 6,621; 63,0
77; 4,402; 80,0
94; 6,233; 84,0
41; 2,519; 76,0
1; 1,394; 70,0
6; 1,237; 64,0
15; 1,829; 60,0
52; 3,282; 79,0
54; 3,515; 72,0
63; 5,754; 74,0
73; 4,398; 50,0
3; 1,44; 61,0
10; 1,653; 50,0
1; 1,752; 51,0
6; 1,482; 41,0
47; 2,105; 65,0
57; 3,996; 71,0
58; 3,523; 69,0
60; 4,365; 67,0
64; 6,113; 75,0
74; 4,813; 55,0
77; 4,658; 58,0
3; 1,904; 52,0
71; 3,991; 64,0
18; 2,433; 72,0
35; 2,37; 56,0
40; 2,435; 58,0
98; 2,745; 0,0
74; 4,717; 67,0
1; 2,552; 54,0
6; 2,683; 54,0
15; 3,378; 57,0
25; 3,529; 45,0
26; 3,033; 50,0
41; 2,842; 54,0
71; 3,192; 49,0
76; 4,307; 56,0
3; 2,208; 74,0
76; 2,686; 49,0
70; 2,035; 44,0
73; 2,436; 50,0
76; 2,231; 42,0
78; 2,978; 56,0
3; 2,393; 52,0
70; 2,111; 27,0
73; 2,617; 50,0
76; 2,533; 40,0
78; 2,777; 64,0
97; 4,947; 61,0
73; 3,655; 49,0
76; 3,753; 31,0
67; 5,135; 78,0
71; 3,179; 45,0
74; 3,892; 49,0
77; 3,378; 50,0
92; 4,811; 62,0
94; 5,703; 56,0
64; 4,275; 74,0
67; 4,578; 77,0
71; 2,377; 56,0
74; 3,523; 46,0
3; 3,352; 68,0
10; 3,247; 69,0
34; 3,986; 78,0
70; 1,66; 34,0
73; 2,28; 42,0
76; 3,259; 49,0
85; 6,198; 74,0
86; 4,541; 45,0
97; 5,526; 61,0
94; 5,453; 57,0
62; 5,312; 66,0
64; 4,815; 78,0
71; 3,698; 43,0
74; 3,736; 48,0
77; 3,35; 62,0
92; 5,788; 62,0
1; 2,623; 85,0
38; 3,5; 71,0
26; 4,094; 64,0
37; 4,448; 65,0
67; 4,831; 77,0
84; 5,395; 64,0
92; 5,594; 56,0
94; 5,537; 52,0
3; 1,736; 69,0
10; 2,488; 75,0
52; 5,078; 71,0
54; 4,716; 73,0
70; 3,482; 40,0
73; 4,038; 42,0
86; 5,534; 43,0
94; 6,367; 66,0
1; 2,227; 56,0
6; 2,38; 56,0
63; 4,292; 64,0
78; 3,878; 56,0
3; 2,555; 48,0
73; 4,485; 53,0
85; 4,96; 79,0
86; 5,114; 53,0
97; 5,557; 63,0
3; 1,816; 41,0
25; 3,012; 51,0
26; 2,692; 51,0
37; 2,963; 64,0
38; 3,161; 62,0
41; 2,717; 57,0
47; 2,906; 59,0
85; 5,934; 77,0
62; 5,502; 75,0
64; 4,571; 78,0
67; 5,529; 70,0
84; 5,566; 66,0
94; 5,429; 61,0
1; 3,342; 60,0
6; 3,89; 66,0
85; 4,338; 78,0
97; 5,644; 58,0
34; 4,487; 92,0
85; 4,316; 77,0
63; 5,543; 75,0
71; 4,257; 59,0
77; 3,29; 73,0
62; 5,02; 68,0
67; 5,485; 77,0
71; 4,041; 51,0
92; 5,749; 62,0
94; 5,863; 59,0
60; 4,375; 70,0
64; 5,244; 74,0
71; 4,556; 53,0
63; 4,393; 72,0
73; 4,108; 49,0
47; 5,225; 51,0
62; 4,655; 74,0
64; 5,05; 74,0
71; 3,498; 53,0
74; 4,662; 48,0
41; 5,019; 56,0
47; 4,984; 50,0
56; 4,479; 61,0
57; 4,469; 68,0
58; 3,802; 67,0
60; 4,076; 57,0
60; 3,787; 57,0
62; 4,558; 73,0
64; 4,233; 75,0
57; 4,073; 67,0
58; 3,386; 70,0
84; 6,611; 71,0
58; 4,146; 71,0
60; 5,005; 63,0
71; 4,068; 49,0
74; 4,704; 55,0
46; 6,285; 60,0
3; 4,637; 79,0
10; 5,039; 62,0
18; 5,104; 69,0
19; 6,239; 70,0
35; 6,004; 53,0
40; 5,481; 59,0
98; 6,714; 0,0
85; 6,357; 67,0
97; 6,853; 57,0
19; 5,771; 67,0
57; 6,357; 39,0
60; 6,416; 51,0
62; 6,726; 64,0
71; 4,901; 71,0
77; 4,38; 86,0
26; 6,364; 63,0
41; 7,368; 45,0
70; 4,475; 50,0
73; 4,561; 49,0
60; 5,575; 78,0
63; 5,211; 67,0
76; 4,941; 66,0
78; 5,299; 63,0
64; 5,269; 69,0
67; 5,464; 71,0
77; 3,45; 91,0
84; 6,15; 72,0
94; 6,553; 65,0
6; 3,636; 71,0
25; 3,711; 60,0
26; 3,984; 54,0
74; 4,942; 68,0
77; 4,782; 67,0
6; 3,492; 44,0
15; 3,3; 45,0
25; 3,425; 65,0
37; 4,375; 67,0
38; 4,602; 68,0
84; 5,962; 65,0
46; 5,269; 63,0
51; 5,768; 62,0
52; 5,819; 73,0
10; 4,542; 68,0
18; 4,578; 55,0
19; 5,971; 57,0
34; 4,855; 66,0
35; 5,488; 58,0
40; 4,913; 65,0
98; 5,758; 0,0
46; 4,672; 54,0
51; 4,896; 63,0
52; 4,829; 62,0
54; 4,803; 68,0
10; 3,133; 63,0
18; 2,151; 55,0
19; 3,347; 57,0
34; 4,009; 62,0
35; 3,73; 61,0
40; 3,998; 60,0
98; 4,087; 0,0
1; 3,113; 52,0
6; 2,82; 45,0
15; 2,698; 53,0
25; 2,475; 45,0
26; 2,167; 51,0
37; 3,489; 59,0
38; 3,638; 60,0
41; 4,639; 52,0
47; 4,524; 47,0
56; 4,771; 58,0
3; 3,506; 48,0
10; 3,106; 54,0
54; 5,121; 75,0
10; 2,783; 63,0
18; 2,614; 54,0
19; 3,479; 54,0
34; 3,665; 74,0
35; 3,067; 56,0
40; 3,402; 54,0
46; 3,943; 59,0
51; 4,656; 66,0
98; 3,3; 0,0
26; 3,808; 59,0
38; 4,817; 66,0
77; 4,939; 71,0
63; 6,291; 70,0
85; 6,371; 75,0
64; 6,168; 75,0
62; 6,67; 74,0
51; 5,716; 54,0
54; 6,328; 60,0
63; 6,242; 53,0
73; 5,49; 68,0
52; 5,171; 58,0
54; 4,948; 66,0
10; 5,137; 72,0
19; 5,955; 68,0
54; 5,977; 60,0
84; 5,171; 75,0
94; 5,128; 63,0
84; 5,584; 81,0
92; 5,895; 82,0
94; 5,073; 59,0
62; 4,498; 48,0
64; 4,657; 73,0
74; 3,233; 58,0
77; 3,455; 77,0
58; 4,196; 58,0
60; 5,132; 53,0
62; 5,23; 40,0
64; 4,224; 72,0
74; 4,128; 61,0
77; 4,485; 81,0
62; 5,671; 37,0
77; 3,949; 71,0
52; 5,664; 64,0
54; 5,313; 56,0
63; 5,601; 44,0
70; 3,837; 58,0
73; 4,531; 61,0
51; 6,21; 68,0
70; 3,808; 60,0
73; 4,121; 59,0
76; 3,954; 64,0
10; 4,874; 68,0
34; 5,128; 76,0
40; 5,423; 61,0
46; 5,403; 56,0
51; 5,908; 55,0
52; 5,785; 51,0
98; 6,199; 0,0
70; 3,655; 65,0
3; 4,131; 66,0
10; 4,64; 67,0
18; 4,008; 68,0
19; 4,915; 62,0
34; 4,751; 76,0
35; 4,96; 63,0
40; 4,55; 62,0
46; 5,045; 61,0
51; 4,515; 60,0
98; 5,366; 0,0
60; 4,133; 62,0
1; 3,341; 62,0
6; 2,937; 63,0
25; 4,465; 65,0
26; 3,684; 63,0
37; 4,914; 71,0
56; 4,041; 55,0
57; 4,222; 66,0
58; 3,622; 65,0
1; 4,773; 63,0
6; 3,58; 63,0
15; 4,358; 62,0
25; 4,967; 67,0
26; 4,188; 60,0
37; 5,966; 54,0
38; 4,688; 60,0
41; 4,478; 50,0
47; 4,317; 49,0
73; 4,677; 65,0
64; 5,581; 72,0
74; 5,279; 79,0
84; 6,475; 80,0
92; 4,598; 80,0
94; 6,21; 67,0
37; 6,486; 71,0
47; 6,153; 48,0
56; 5,047; 48,0
57; 5,248; 47,0
60; 4,92; 51,0
71; 4,764; 88,0
94; 4,803; 61,0
85; 5,55; 69,0
64; 6,154; 72,0
84; 5,727; 72,0
92; 5,39; 78,0
94; 5,177; 66,0
15; 5,569; 82,0
26; 5,645; 69,0
64; 4,983; 73,0
77; 4,124; 71,0
84; 5,758; 73,0
94; 5,59; 63,0
1; 3,64; 63,0
6; 4,11; 75,0
15; 3,439; 65,0
25; 3,94; 67,0
26; 3,397; 67,0
52; 5,964; 61,0
54; 5,718; 63,0
3; 4,688; 85,0
10; 4,202; 71,0
18; 5,032; 91,0
19; 6,864; 73,0
34; 5,034; 79,0
35; 5,159; 73,0
40; 4,717; 72,0
46; 5,475; 75,0
51; 6,312; 74,0
52; 6,322; 63,0
54; 5,887; 62,0
98; 5,864; 0,0
47; 4,679; 58,0
1; 3,919; 60,0
6; 3,509; 62,0
40; 4,732; 67,0
46; 5,532; 59,0
52; 5,515; 53,0
54; 5,348; 60,0
3; 3,693; 63,0
10; 4,245; 60,0
18; 4,468; 65,0
19; 5,402; 65,0
34; 5,289; 65,0
35; 5,329; 65,0
98; 5,659; 0,0
6; 4,156; 61,0
25; 4,917; 60,0
37; 4,859; 68,0
38; 4,362; 76,0
18; 3,818; 57,0
19; 4,285; 57,0
64; 5,776; 71,0
67; 5,567; 74,0
77; 4,447; 75,0
84; 6,141; 78,0
1; 5,27; 61,0
6; 4,968; 70,0
85; 5,753; 69,0
34; 7,112; 81,0
35; 6,766; 64,0
40; 6,114; 61,0
52; 6,798; 61,0
54; 6,45; 53,0
63; 6,178; 56,0
73; 5,622; 68,0
97; 5,232; 67,0
85; 5,606; 74,0
97; 6,286; 64,0
57; 6,348; 64,0
84; 6,1; 71,0
63; 6,351; 55,0
70; 4,287; 67,0
94; 6,019; 66,0
56; 4,425; 60,0
26; 4,658; 65,0
56; 3,988; 66,0
58; 3,913; 70,0
74; 4,337; 66,0
77; 3,809; 68,0
54; 4,818; 58,0
3; 4,462; 79,0
19; 5,872; 70,0
25; 5,269; 87,0
60; 5,806; 62,0
26; 5,749; 60,0
58; 4,507; 67,0
62; 4,862; 69,0
1; 4,622; 65,0
6; 4,349; 68,0
26; 5,02; 64,0
58; 3,798; 61,0
41; 5,558; 78,0
47; 5,801; 59,0
57; 5,167; 71,0
58; 3,814; 66,0
60; 4,385; 58,0
77; 4,092; 95,0
58; 4,233; 64,0
25; 5,869; 58,0
26; 5,437; 62,0
37; 7,062; 71,0
41; 6,198; 65,0
47; 5,367; 64,0
37; 6,568; 58,0
38; 6,407; 64,0
47; 5,012; 59,0
15; 5,184; 54,0
25; 5,516; 50,0
26; 5,358; 57,0
6; 4,546; 53,0
25; 5,694; 51,0
26; 5,173; 58,0
37; 5,539; 62,0
38; 5,848; 63,0
41; 5,12; 58,0
47; 4,924; 58,0
10; 4,817; 61,0
18; 4,797; 61,0
19; 5,973; 60,0
34; 6,149; 68,0
35; 5,836; 64,0
40; 5,098; 64,0
46; 5,222; 62,0
54; 4,891; 59,0
98; 6,185; 0,0
46; 4,764; 61,0
10; 4,904; 63,0
18; 3,357; 58,0
19; 5,643; 62,0
34; 4,306; 69,0
40; 5,337; 65,0
18; 3,105; 59,0
19; 3,536; 65,0
34; 4,368; 64,0
98; 4,263; 0,0
1; 4,227; 62,0
6; 3,796; 58,0
26; 3,091; 56,0
38; 6,361; 65,0
41; 5,186; 54,0
47; 4,247; 53,0
57; 6,359; 46,0
62; 5,158; 59,0
62; 6,435; 49,0
64; 6,316; 72,0
77; 4,306; 72,0
25; 5,478; 66,0
26; 4,391; 68,0
34; 5,552; 69,0
34; 4,949; 72,0
98; 6,006; 0,0
26; 4,216; 76,0
26; 4,736; 68,0
76; 5,323; 70,0
34; 6,465; 70,0
35; 6,25; 67,0
73; 5,347; 71,0
76; 4,909; 79,0
98; 6,436; 0,0
62; 6,08; 75,0
1; 5,052; 71,0
6; 3,609; 76,0
15; 4,896; 73,0
25; 5,289; 61,0
26; 4,577; 63,0
37; 5,432; 77,0
1; 4,018; 64,0
1; 3,627; 56,0
15; 4,748; 74,0
25; 5,09; 68,0
26; 4,641; 71,0
37; 5,736; 79,0
38; 5,54; 79,0
3; 3,747; 52,0
10; 3,891; 67,0
18; 4,259; 56,0
19; 4,718; 63,0
34; 5,969; 69,0
35; 4,873; 63,0
40; 4,662; 66,0
98; 5,704; 0,0
1; 3,426; 53,0
6; 3,261; 58,0
15; 4,652; 56,0
1; 4,256; 61,0
25; 4,366; 73,0
6; 3,534; 58,0
25; 5,76; 60,0
1; 3,074; 74,0
15; 5,021; 61,0
1; 2,771; 64,0
77; 4,348; 86,0
3; 3,309; 55,0
10; 4,508; 67,0
19; 4,621; 48,0
34; 5,544; 56,0
35; 5,21; 53,0
40; 4,978; 57,0
70; 4,171; 79,0
76; 4,366; 65,0
78; 4,324; 84,0
64; 4,736; 78,0
67; 4,907; 79,0
74; 4,063; 68,0
77; 3,194; 67,0
37; 5,256; 58,0
38; 5,299; 61,0
15; 4,504; 57,0
3; 3,276; 58,0
51; 4,298; 76,0
54; 3,775; 76,0
3; 3,044; 57,0
10; 2,661; 69,0
18; 4,05; 72,0
35; 3,627; 65,0
3; 2,424; 64,0
10; 2,571; 64,0
34; 3,143; 71,0
35; 3,168; 58,0
40; 2,47; 62,0
51; 4,309; 72,0
52; 4,107; 70,0
54; 3,988; 78,0
70; 3,912; 48,0
73; 4,037; 59,0
76; 4,117; 60,0
98; 3,704; 0,0
3; 2,227; 63,0
10; 2,326; 68,0
34; 3,723; 73,0
40; 2,693; 65,0
54; 4,807; 77,0
70; 2,86; 61,0
73; 3,251; 65,0
76; 3,75; 56,0
98; 3,598; 0,0
62; 4,128; 71,0
67; 4,418; 78,0
71; 2,622; 70,0
74; 3,056; 62,0
77; 2,859; 61,0
84; 5,288; 71,0
6; 3,009; 61,0
37; 3,972; 61,0
57; 4,082; 75,0
77; 4,208; 72,0
57; 4,824; 96,0
62; 5,041; 89,0
73; 3,37; 72,0
76; 3,163; 58,0
85; 5,745; 79,0
85; 5,237; 74,0
67; 4,902; 71,0
74; 3,792; 61,0
77; 3,698; 58,0
84; 6,021; 63,0
3; 2,244; 69,0
35; 3,767; 72,0
46; 4,67; 84,0
76; 2,607; 59,0
3; 2,37; 62,0
10; 1,772; 74,0
46; 3,822; 80,0
54; 4,865; 97,0
76; 4,293; 55,0
71; 3,114; 64,0
74; 3,799; 80,0
77; 4,35; 73,0
6; 3,242; 60,0
3; 2,054; 64,0
1; 2,306; 62,0
6; 2,715; 73,0
15; 4,279; 74,0
70; 3,781; 55,0
86; 6,278; 67,0
97; 6,196; 87,0
3; 1,074; 59,0
10; 1,258; 63,0
18; 1,062; 44,0
19; 2,112; 49,0
34; 2,699; 51,0
35; 2,62; 53,0
40; 1,646; 61,0
3; 1,319; 67,0
10; 1,334; 60,0
18; 1,366; 64,0
34; 2,372; 61,0
35; 2,579; 56,0
52; 3,041; 66,0
85; 5,781; 73,0
98; 3,058; 0,0
63; 4,87; 72,0
73; 4,241; 63,0
76; 4,391; 59,0
78; 4,34; 63,0
3; 1,882; 61,0
10; 1,513; 72,0
19; 3,027; 72,0
34; 2,892; 73,0
35; 2,93; 63,0
70; 3,649; 53,0
98; 3,312; 0,0
41; 4,279; 54,0
94; 5,056; 67,0
1; 1,173; 67,0
25; 2,213; 54,0
6; 1,02; 58,0
15; 2,266; 60,0
25; 3,007; 55,0
92; 5,321; 74,0
94; 5,966; 68,0
1; 1,408; 67,0
1; 1,367; 68,0
6; 0,961; 52,0
15; 2,155; 48,0
64; 5,678; 72,0
77; 4,887; 60,0
1; 1,728; 69,0
6; 1,265; 61,0
26; 2,266; 64,0
71; 4,409; 63,0
74; 4,208; 75,0
38; 3,042; 61,0
41; 3,511; 62,0
47; 3,228; 49,0
56; 3,664; 64,0
57; 4,385; 69,0
62; 5,281; 69,0
1; 1,067; 72,0
6; 0,765; 44,0
15; 1,728; 43,0
25; 2,211; 59,0
26; 1,684; 60,0
58; 3,819; 67,0
64; 4,492; 78,0
15; 2,122; 43,0
25; 2,106; 55,0
26; 1,471; 56,0
97; 6,455; 77,0
3; 1,653; 70,0
10; 2,566; 71,0
18; 1,806; 53,0
19; 2,667; 54,0
34; 4,959; 51,0
40; 3,874; 70,0
6; 2,676; 57,0
67; 6,136; 65,0
71; 3,76; 57,0
84; 6,229; 69,0
35; 3,757; 87,0
54; 4,832; 78,0
1; 1,548; 50,0
6; 1,512; 59,0
15; 2,494; 57,0
26; 3,102; 60,0
71; 4,42; 69,0
74; 4,954; 72,0
77; 4,439; 75,0
1; 1,644; 67,0
76; 3,749; 64,0
3; 0,987; 68,0
51; 2,334; 95,0
3; 1,837; 70,0
10; 1,362; 71,0
18; 1,921; 70,0
35; 3,407; 60,0
63; 4,051; 80,0
70; 2,462; 63,0
73; 2,983; 56,0
76; 3,154; 64,0
78; 4,247; 68,0
97; 5,63; 72,0
34; 3,232; 84,0
63; 2,221; 74,0
73; 2,403; 61,0
70; 1,555; 49,0
46; 2,895; 80,0
51; 3,876; 79,0
3; 1,942; 74,0
70; 2,106; 58,0
73; 3,691; 65,0
78; 3,739; 59,0
1; 1,577; 62,0
6; 1,298; 66,0
15; 2,253; 64,0
25; 2,078; 53,0
26; 1,65; 60,0
37; 2,443; 56,0
38; 2,329; 56,0
41; 2,418; 60,0
47; 2,08; 60,0
71; 1,183; 63,0
74; 1,725; 70,0
92; 5,448; 71,0
94; 3,715; 72,0
26; 1,288; 54,0
37; 1,925; 66,0
38; 1,994; 69,0
54; 3,044; 75,0
86; 5,201; 58,0
97; 5,699; 73,0
10; 1,488; 77,0
19; 2,406; 63,0
34; 3,312; 62,0
98; 2,338; 0,0
35; 1,923; 59,0
3; 1,756; 77,0
10; 1,445; 89,0
1; 1,359; 60,0
71; 4,536; 63,0
70; 2,321; 60,0
78; 3,639; 65,0
10; 0,899; 56,0
18; 1,569; 52,0
19; 1,861; 44,0
34; 1,804; 46,0
35; 1,482; 47,0
40; 1,129; 51,0
98; 1,804; 0,0
18; 1,319; 57,0
34; 2,656; 49,0
35; 1,709; 41,0
40; 1,557; 52,0
46; 1,733; 73,0
6; 0,907; 45,0
15; 1,501; 58,0
25; 1,62; 41,0
26; 1,589; 50,0
47; 1,007; 76,0
76; 4,535; 64,0
3; 1,336; 57,0
3; 0,907; 68,0
3; 1,024; 60,0
10; 0,944; 77,0
34; 1,526; 55,0
35; 2,0; 65,0
52; 2,112; 82,0
98; 1,68; 0,0
71; 4,689; 65,0
1; 0,955; 70,0
6; 0,695; 57,0
26; 1,54; 56,0
38; 1,374; 77,0
10; 1,833; 66,0
34; 1,557; 66,0
35; 2,324; 66,0
40; 2,009; 64,0
1; 1,471; 64,0
6; 1,369; 57,0
26; 1,94; 56,0
41; 1,672; 70,0
47; 1,713; 96,0
3; 1,713; 59,0
10; 1,283; 69,0
34; 2,497; 61,0
35; 1,947; 55,0
40; 1,688; 62,0
98; 2,362; 0,0
1; 2,751; 55,0
6; 2,222; 41,0
15; 2,67; 63,0
25; 2,56; 42,0
26; 1,945; 40,0
37; 2,543; 37,0
38; 2,411; 47,0
57; 2,201; 95,0
77; 3,409; 78,0
92; 5,248; 66,0
3; 2,484; 54,0
10; 2,046; 47,0
19; 2,961; 37,0
78; 4,564; 56,0
6; 2,013; 58,0
60; 5,051; 88,0
3; 1,49; 74,0
3; 1,745; 60,0
63; 2,751; 68,0
70; 1,178; 45,0
73; 2,095; 56,0
76; 2,903; 51,0
56; 3,135; 71,0
64; 5,462; 78,0
71; 2,607; 50,0
74; 3,511; 58,0
77; 4,522; 58,0
84; 5,491; 63,0
1; 1,56; 61,0
6; 1,952; 56,0
56; 2,467; 73,0
57; 1,8; 64,0
71; 2,632; 44,0
3; 1,767; 65,0
70; 2,734; 56,0
1; 1,387; 73,0
78; 4,361; 71,0
67; 6,012; 72,0
74; 4,142; 77,0
70; 3,332; 54,0
3; 0,845; 81,0
70; 1,351; 56,0
34; 1,803; 49,0
70; 1,793; 50,0
76; 1,154; 72,0
67; 2,828; 70,0
74; 1,486; 67,0
92; 2,464; 69,0
94; 2,512; 67,0
74; 3,465; 64,0
85; 4,839; 55,0
97; 5,206; 65,0
3; 1,446; 65,0
73; 3,21; 63,0
92; 4,761; 55,0
1; 1,071; 64,0
97; 5,217; 60,0
3; 1,111; 71,0
76; 3,458; 67,0
78; 3,431; 74,0
70; 1,724; 61,0
76; 4,088; 75,0
78; 4,452; 64,0
76; 4,906; 63,0
78; 4,323; 61,0
1; 2,076; 60,0
67; 4,641; 76,0
35; 1,283; 74,0
76; 2,973; 57,0
77; 2,141; 65,0
92; 4,593; 70,0
94; 4,811; 57,0
86; 4,576; 53,0
78; 3,177; 58,0
85; 4,796; 74,0
86; 4,59; 50,0
10; 1,248; 91,0
19; 2,034; 58,0
35; 1,963; 65,0
70; 2,585; 53,0
76; 2,464; 51,0
98; 2,427; 0,0
57; 2,624; 74,0
67; 3,706; 77,0
71; 2,488; 53,0
74; 3,03; 57,0
77; 2,608; 64,0
1; 0,716; 70,0
6; 0,717; 67,0
56; 1,833; 76,0
71; 1,674; 49,0
77; 2,865; 57,0
26; 0,898; 59,0
1; 1,215; 60,0
6; 0,995; 65,0
26; 1,282; 49,0
41; 2,447; 75,0
47; 2,09; 64,0
56; 2,276; 61,0
57; 2,676; 65,0
60; 2,437; 63,0
71; 1,006; 42,0
94; 4,622; 61,0
1; 1,326; 67,0
6; 1,431; 65,0
56; 2,347; 51,0
58; 2,166; 50,0
60; 2,772; 47,0
62; 3,262; 49,0
71; 1,992; 32,0
74; 2,837; 43,0
84; 4,935; 68,0
92; 5,094; 72,0
94; 4,853; 63,0
1; 1,387; 59,0
6; 1,009; 60,0
41; 2,654; 60,0
47; 2,364; 59,0
1; 1,182; 57,0
6; 0,704; 43,0
64; 4,312; 59,0
71; 2,78; 56,0
74; 2,967; 39,0
77; 3,382; 48,0
84; 4,794; 63,0
92; 4,785; 62,0
94; 4,807; 56,0
1; 1,116; 59,0
6; 1,041; 79,0
41; 2,05; 59,0
47; 1,794; 62,0
56; 2,805; 43,0
60; 3,212; 66,0
62; 3,722; 78,0
64; 4,545; 74,0
71; 2,749; 50,0
74; 3,116; 42,0
77; 3,513; 57,0
84; 4,49; 65,0
70; 2,594; 48,0
73; 3,263; 54,0
78; 3,598; 52,0
85; 5,061; 75,0
86; 4,581; 47,0
97; 5,32; 63,0
3; 1,548; 52,0
10; 1,957; 32,0
73; 2,676; 47,0
86; 4,47; 50,0
3; 1,276; 53,0
63; 4,428; 65,0
73; 3,435; 70,0
86; 5,843; 47,0
97; 6,287; 67,0
92; 5,139; 68,0
67; 4,043; 78,0
74; 3,07; 62,0
77; 2,085; 59,0
84; 4,716; 68,0
92; 3,699; 65,0
94; 4,459; 57,0
71; 2,17; 59,0
84; 3,501; 64,0
6; 0,917; 72,0
10; 1,42; 76,0
34; 2,012; 82,0
63; 2,62; 66,0
70; 2,015; 46,0
73; 2,027; 59,0
3; 1,52; 67,0
97; 3,103; 64,0
3; 1,69; 61,0
63; 2,916; 77,0
70; 1,386; 42,0
73; 1,95; 55,0
76; 2,255; 44,0
63; 2,837; 69,0
73; 2,635; 58,0
76; 2,48; 44,0
78; 2,743; 54,0
3; 1,736; 47,0
64; 3,512; 70,0
71; 2,371; 57,0
74; 2,863; 56,0
3; 1,719; 59,0
73; 3,478; 58,0
76; 3,79; 50,0
86; 4,833; 57,0
85; 5,484; 74,0
97; 4,814; 63,0
3; 2,475; 55,0
70; 3,365; 42,0
73; 3,795; 48,0
76; 3,739; 40,0
78; 4,145; 48,0
86; 5,153; 45,0
97; 5,05; 64,0
3; 1,586; 70,0
3; 1,282; 73,0
86; 4,836; 47,0
97; 5,178; 66,0
3; 1,945; 62,0
34; 2,894; 92,0
70; 3,082; 31,0
73; 3,168; 50,0
76; 3,014; 28,0
78; 3,353; 51,0
73; 3,06; 47,0
76; 2,78; 41,0
78; 3,216; 42,0
85; 4,007; 67,0
86; 4,171; 39,0
97; 4,181; 63,0
67; 3,825; 78,0
71; 1,848; 40,0
74; 2,064; 45,0
77; 2,123; 61,0
1; 2,407; 56,0
6; 2,496; 59,0
26; 3,066; 58,0
1; 2,779; 64,0
6; 2,833; 62,0
56; 1,886; 66,0
67; 4,222; 74,0
71; 1,955; 46,0
74; 2,647; 45,0
77; 2,647; 45,0
84; 5,301; 63,0
92; 4,305; 73,0
76; 4,956; 50,0
97; 5,387; 70,0
3; 2,368; 70,0
3; 2,012; 61,0
63; 5,396; 83,0
76; 4,661; 54,0
67; 5,048; 76,0
71; 3,63; 62,0
77; 3,792; 64,0
84; 6,166; 73,0
92; 6,627; 66,0
94; 6,325; 64,0
71; 3,227; 66,0
74; 4,386; 67,0
67; 5,512; 71,0
71; 3,186; 49,0
74; 3,441; 60,0
77; 3,536; 69,0
84; 6,067; 68,0
92; 5,532; 59,0
60; 2,943; 72,0
71; 2,553; 49,0
94; 5,3; 53,0
1; 2,391; 83,0
73; 3,596; 56,0
76; 3,373; 53,0
51; 3,795; 80,0
63; 3,653; 69,0
70; 2,469; 20,0
73; 3,019; 49,0
76; 3,314; 34,0
78; 3,914; 41,0
97; 5,636; 61,0
70; 2,945; 26,0
73; 3,195; 43,0
78; 4,12; 44,0
94; 5,97; 63,0
86; 6,566; 73,0
46; 2,535; 79,0
3; 1,301; 66,0
10; 1,308; 62,0
19; 1,838; 72,0
35; 1,712; 75,0
47; 2,469; 70,0
56; 4,239; 67,0
58; 4,296; 76,0
71; 4,214; 58,0
74; 4,726; 55,0
77; 4,403; 89,0
1; 1,601; 62,0
6; 1,311; 49,0
3; 1,714; 54,0
10; 1,494; 40,0
18; 1,852; 69,0
76; 4,689; 57,0
78; 4,879; 67,0
1; 1,827; 57,0
70; 3,983; 57,0
73; 4,879; 63,0
76; 4,636; 57,0
3; 2,334; 52,0
10; 2,606; 72,0
19; 3,202; 50,0
35; 2,967; 50,0
40; 2,661; 53,0
70; 2,835; 48,0
70; 2,882; 41,0
73; 4,929; 52,0
64; 5,294; 76,0
74; 3,465; 58,0
1; 2,064; 80,0
56; 3,239; 62,0
1; 1,985; 58,0
64; 3,472; 76,0
71; 2,139; 48,0
74; 2,205; 54,0
1; 2,639; 53,0
71; 2,275; 34,0
74; 2,668; 49,0
77; 2,696; 48,0
67; 4,01; 74,0
84; 4,827; 63,0
94; 5,22; 56,0
1; 2,168; 64,0
56; 3,121; 64,0
71; 3,643; 52,0
74; 3,651; 48,0
70; 3,021; 44,0
73; 3,9; 47,0
76; 3,823; 35,0
97; 5,435; 65,0
63; 4,14; 63,0
70; 2,167; 56,0
78; 4,066; 51,0
6; 3,389; 63,0
26; 3,715; 73,0
47; 2,912; 62,0
57; 2,416; 67,0
62; 3,366; 61,0
64; 3,554; 78,0
67; 4,943; 72,0
71; 1,902; 37,0
74; 2,399; 47,0
77; 2,382; 66,0
84; 4,243; 62,0
92; 5,238; 62,0
94; 5,526; 53,0
70; 3,444; 36,0
73; 3,829; 47,0
76; 4,22; 45,0
85; 5,282; 77,0
86; 5,393; 74,0
3; 2,921; 86,0
52; 4,679; 69,0
54; 4,25; 70,0
73; 4,383; 43,0
85; 5,613; 70,0
86; 5,283; 47,0
97; 5,679; 64,0
1; 2,226; 62,0
6; 2,041; 67,0
26; 3,525; 72,0
56; 4,342; 66,0
62; 5,254; 69,0
71; 3,445; 44,0
74; 4,13; 39,0
77; 3,593; 50,0
92; 6,238; 58,0
94; 5,433; 53,0
85; 6,148; 78,0
97; 6,398; 64,0
3; 2,268; 52,0
52; 4,483; 77,0
64; 4,414; 77,0
67; 5,212; 79,0
77; 3,525; 64,0
84; 5,298; 73,0
1; 2,552; 49,0
84; 5,168; 70,0
92; 4,856; 76,0
94; 5,094; 58,0
26; 2,496; 54,0
85; 5,743; 75,0
34; 3,125; 65,0
46; 3,052; 65,0
98; 3,107; 0,0
40; 4,236; 66,0
51; 5,841; 84,0
54; 4,603; 79,0
63; 4,885; 73,0
73; 4,208; 49,0
85; 5,594; 75,0
86; 5,784; 47,0
3; 3,351; 65,0
10; 3,852; 70,0
1; 4,006; 51,0
26; 4,142; 63,0
64; 4,517; 71,0
92; 6,21; 58,0
94; 5,68; 60,0
67; 4,83; 74,0
73; 4,424; 62,0
85; 4,768; 77,0
97; 5,513; 71,0
34; 5,161; 84,0
35; 4,069; 69,0
47; 5,258; 58,0
71; 3,788; 57,0
77; 3,541; 72,0
41; 4,443; 62,0
63; 4,585; 68,0
73; 3,694; 49,0
64; 4,24; 74,0
74; 4,164; 56,0
77; 3,055; 60,0
46; 5,73; 62,0
51; 5,91; 83,0
63; 4,464; 70,0
70; 3,458; 46,0
73; 4,141; 50,0
46; 5,433; 65,0
52; 5,38; 72,0
63; 3,864; 64,0
70; 2,515; 53,0
76; 5,418; 61,0
78; 5,333; 62,0
46; 5,816; 83,0
52; 5,162; 81,0
70; 3,894; 43,0
73; 4,972; 49,0
10; 3,875; 67,0
40; 4,992; 63,0
41; 6,397; 44,0
47; 6,153; 57,0
64; 5,762; 72,0
1; 4,748; 64,0
25; 5,276; 71,0
26; 5,208; 67,0
15; 5,211; 58,0
26; 6,225; 69,0
26; 6,22; 63,0
51; 6,188; 64,0
52; 6,523; 51,0
70; 4,849; 58,0
73; 5,468; 49,0
46; 6,568; 55,0
60; 5,365; 49,0
71; 4,399; 73,0
74; 4,608; 62,0
77; 5,198; 74,0
1; 4,022; 55,0
62; 6,154; 76,0
85; 6,144; 74,0
58; 4,158; 75,0
77; 3,592; 70,0
58; 4,467; 71,0
60; 4,999; 63,0
62; 4,642; 74,0
64; 5,873; 72,0
67; 5,25; 75,0
77; 4,578; 64,0
63; 4,77; 72,0
78; 4,891; 63,0
85; 6,233; 71,0
97; 6,529; 73,0
3; 3,967; 65,0
10; 4,571; 68,0
35; 4,497; 60,0
3; 4,254; 59,0
10; 3,22; 49,0
19; 3,172; 56,0
35; 3,424; 53,0
40; 3,602; 45,0
98; 4,048; 0,0
85; 6,406; 68,0
97; 6,362; 71,0
18; 2,813; 58,0
85; 5,754; 69,0
84; 6,193; 66,0
47; 5,191; 60,0
15; 5,07; 60,0
25; 5,549; 55,0
37; 6,055; 63,0
38; 5,765; 64,0
41; 5,606; 65,0
47; 4,563; 57,0
56; 4,461; 67,0
15; 3,223; 53,0
25; 3,414; 52,0
26; 3,08; 51,0
38; 5,035; 61,0
41; 4,856; 59,0
3; 3,646; 35,0
10; 2,447; 57,0
19; 2,51; 63,0
34; 2,617; 61,0
35; 2,845; 59,0
40; 2,994; 55,0
46; 4,895; 48,0
51; 5,12; 57,0
52; 4,936; 54,0
54; 4,527; 68,0
98; 2,985; 0,0
1; 3,602; 54,0
6; 3,659; 46,0
6; 3,463; 50,0
15; 3,226; 55,0
25; 3,421; 54,0
26; 3,128; 54,0
37; 3,798; 62,0
38; 3,442; 61,0
41; 3,921; 57,0
47; 3,867; 58,0
34; 4,628; 71,0
51; 3,993; 77,0
34; 5,659; 71,0
62; 6,496; 81,0
56; 4,737; 61,0
57; 4,781; 76,0
58; 3,476; 74,0
60; 4,695; 66,0
63; 6,163; 70,0
60; 5,963; 62,0
62; 5,67; 77,0
57; 6,155; 63,0
60; 5,793; 62,0
62; 6,59; 69,0
56; 4,709; 73,0
57; 5,021; 67,0
58; 4,125; 73,0
62; 5,793; 51,0
71; 4,353; 86,0
6; 5,308; 69,0
15; 6,249; 60,0
25; 6,655; 66,0
26; 6,073; 66,0
85; 5,151; 70,0
85; 6,064; 67,0
97; 6,036; 63,0
63; 4,213; 51,0
76; 3,428; 70,0
78; 3,814; 68,0
86; 4,372; 59,0
54; 5,431; 43,0
63; 4,355; 44,0
70; 3,678; 60,0
73; 4,012; 59,0
76; 4,232; 67,0
63; 4,979; 46,0
85; 5,88; 68,0
97; 5,85; 71,0
57; 5,246; 46,0
58; 4,349; 60,0
60; 4,661; 53,0
62; 5,447; 73,0
64; 6,065; 71,0
71; 3,835; 68,0
77; 4,325; 62,0
60; 4,544; 57,0
64; 5,589; 68,0
71; 3,749; 71,0
26; 5,052; 61,0
37; 6,078; 62,0
38; 5,799; 63,0
41; 5,432; 57,0
47; 5,254; 51,0
57; 5,928; 51,0
60; 4,624; 63,0
71; 4,141; 63,0
15; 5,162; 61,0
25; 5,065; 65,0
26; 4,109; 65,0
37; 5,44; 62,0
38; 5,101; 64,0
41; 5,252; 58,0
47; 4,782; 51,0
57; 4,001; 55,0
58; 3,74; 64,0
3; 2,881; 75,0
18; 3,214; 76,0
34; 4,229; 76,0
35; 5,515; 64,0
51; 4,601; 65,0
52; 4,669; 50,0
54; 4,13; 60,0
98; 5,221; 0,0
3; 3,773; 68,0
10; 3,733; 65,0
19; 5,117; 65,0
34; 5,423; 79,0
35; 4,447; 52,0
40; 4,051; 55,0
46; 4,676; 53,0
51; 3,891; 53,0
52; 3,308; 50,0
98; 5,142; 0,0
56; 4,597; 50,0
58; 3,962; 59,0
60; 5,019; 51,0
71; 4,489; 81,0
10; 4,524; 79,0
34; 5,664; 79,0
35; 5,787; 76,0
51; 6,106; 48,0
52; 5,726; 53,0
54; 4,479; 58,0
63; 6,204; 59,0
85; 5,398; 68,0
97; 4,843; 70,0
64; 5,665; 72,0
74; 5,127; 67,0
77; 4,604; 72,0
76; 4,659; 71,0
85; 5,293; 69,0
97; 5,887; 63,0
19; 5,197; 77,0
76; 4,987; 72,0
85; 5,224; 71,0
18; 2,934; 64,0
19; 3,458; 67,0
35; 5,223; 63,0
40; 5,265; 79,0
98; 4,629; 0,0
26; 5,766; 64,0
60; 5,414; 59,0
62; 5,922; 51,0
64; 5,339; 64,0
71; 4,363; 74,0
77; 4,421; 74,0
1; 4,377; 73,0
6; 4,634; 72,0
15; 5,757; 70,0
25; 5,763; 75,0
26; 5,313; 71,0
37; 6,41; 77,0
41; 5,552; 68,0
47; 5,231; 61,0
57; 6,475; 61,0
3; 3,627; 66,0
10; 3,636; 60,0
19; 4,22; 65,0
35; 4,165; 58,0
40; 3,713; 66,0
37; 4,761; 72,0
38; 4,394; 71,0
56; 5,466; 56,0
57; 5,835; 54,0
1; 3,674; 58,0
6; 3,885; 59,0
25; 5,39; 63,0
26; 5,02; 55,0
10; 3,588; 90,0
19; 4,567; 68,0
35; 4,388; 66,0
40; 3,787; 71,0
98; 5,169; 0,0
1; 3,215; 69,0
25; 4,574; 62,0
63; 6,133; 54,0
76; 4,951; 79,0
78; 4,524; 82,0
85; 6,206; 70,0
77; 4,375; 69,0
26; 6,439; 67,0
56; 6,073; 55,0
57; 6,364; 52,0
58; 5,177; 67,0
60; 6,378; 53,0
62; 6,727; 50,0
64; 6,515; 72,0
71; 4,784; 80,0
77; 4,745; 68,0
84; 6,388; 65,0
92; 6,56; 79,0
94; 6,116; 73,0
54; 6,265; 52,0
58; 5,253; 64,0
60; 5,785; 58,0
64; 5,605; 73,0
71; 4,544; 80,0
97; 6,254; 76,0
78; 5,021; 71,0
52; 4,786; 64,0
54; 4,045; 65,0
73; 4,014; 65,0
78; 4,995; 74,0
1; 4,298; 88,0
85; 6,136; 86,0
18; 4,74; 70,0
34; 4,956; 90,0
34; 6,115; 73,0
3; 4,768; 62,0
10; 4,31; 78,0
34; 4,994; 69,0
40; 4,779; 64,0
54; 4,648; 63,0
10; 4,881; 68,0
46; 5,778; 67,0
51; 5,449; 67,0
52; 5,502; 56,0
54; 4,881; 60,0
63; 4,773; 62,0
46; 5,446; 78,0
51; 5,884; 73,0
52; 5,646; 78,0
98; 6,544; 0,0
18; 3,7; 50,0
10; 4,412; 77,0
34; 7,064; 69,0
35; 5,588; 72,0
40; 5,229; 71,0
46; 5,568; 65,0
98; 5,852; 0,0
18; 4,812; 58,0
19; 5,284; 52,0
3; 4,681; 56,0
10; 4,422; 59,0
34; 6,383; 63,0
35; 5,158; 55,0
40; 4,952; 61,0
46; 5,24; 64,0
98; 6,319; 0,0
1; 4,722; 57,0
6; 4,968; 59,0
15; 5,3; 54,0
25; 5,745; 56,0
26; 5,465; 57,0
37; 6,194; 58,0
38; 5,529; 65,0
41; 4,986; 55,0
47; 5,232; 59,0
41; 4,925; 56,0
47; 4,799; 62,0
77; 4,667; 77,0
1; 4,847; 59,0
15; 6,314; 60,0
25; 4,212; 55,0
26; 3,036; 58,0
37; 5,124; 57,0
38; 6,202; 59,0
26; 2,957; 49,0
3; 4,043; 71,0
18; 4,903; 58,0
34; 6,002; 72,0
46; 4,718; 59,0
51; 6,009; 52,0
52; 5,988; 57,0
63; 6,236; 48,0
85; 6,523; 66,0
18; 4,486; 63,0
34; 5,057; 77,0
98; 5,957; 0,0
26; 5,094; 63,0
26; 5,079; 63,0
37; 6,69; 93,0
34; 5,486; 80,0
18; 5,241; 80,0
34; 5,011; 72,0
35; 6,433; 90,0
77; 5,009; 71,0
25; 6,71; 61,0
26; 6,464; 61,0
37; 6,675; 69,0
64; 5,914; 73,0
74; 5,023; 70,0
77; 4,027; 69,0
84; 6,741; 68,0
63; 5,696; 66,0
98; 4,477; 0,0
26; 5,645; 71,0
3; 3,73; 59,0
10; 3,783; 95,0
19; 5,291; 67,0
35; 4,845; 76,0
40; 4,275; 82,0
98; 5,586; 0,0
18; 4,743; 59,0
3; 3,493; 67,0
18; 3,711; 79,0
19; 4,845; 74,0
34; 5,292; 76,0
35; 4,483; 77,0
40; 4,267; 80,0
46; 5,733; 89,0
98; 5,41; 0,0
1; 3,861; 54,0
6; 3,729; 54,0
15; 4,875; 57,0
25; 4,845; 56,0
26; 4,438; 66,0
37; 6,118; 66,0
3; 2,57; 58,0
3; 3,138; 62,0
10; 4,334; 87,0
18; 3,421; 62,0
19; 4,591; 72,0
10; 2,49; 84,0
40; 3,278; 79,0
3; 3,593; 64,0
19; 3,751; 75,0
10; 4,393; 91,0
3; 3,645; 81,0
18; 3,199; 50,0
19; 5,463; 73,0
85; 5,993; 68,0
1; 3,168; 53,0
6; 3,5; 53,0
26; 4,398; 56,0
67; 5,441; 78,0
71; 4,166; 86,0
74; 4,038; 68,0
77; 4,565; 64,0
25; 5,015; 47,0
73; 4,622; 81,0
76; 3,986; 66,0
78; 3,68; 72,0
34; 5,119; 52,0
10; 3,955; 72,0
1; 4,178; 62,0
6; 2,855; 55,0
26; 3,734; 75,0
1; 2,506; 63,0
6; 2,44; 57,0
25; 3,368; 60,0
26; 3,112; 73,0
37; 3,481; 63,0
41; 3,725; 67,0
56; 3,739; 65,0
57; 4,402; 66,0
58; 4,095; 69,0
60; 5,015; 63,0
64; 3,95; 75,0
71; 4,014; 60,0
77; 3,158; 88,0
1; 3,089; 62,0
6; 2,116; 62,0
26; 3,344; 63,0
37; 3,64; 63,0
38; 3,672; 63,0
41; 3,87; 65,0
56; 4,435; 71,0
58; 3,546; 87,0
67; 4,677; 71,0
71; 2,756; 70,0
74; 3,308; 66,0
77; 3,002; 67,0
84; 5,228; 71,0
70; 2,417; 65,0
73; 3,158; 67,0
76; 2,885; 57,0
78; 3,233; 58,0
86; 4,92; 64,0
97; 6,271; 68,0
3; 3,411; 58,0
10; 2,492; 73,0
35; 3,294; 65,0
40; 3,01; 62,0
98; 3,293; 0,0
63; 4,659; 78,0
70; 2,427; 67,0
34; 4,645; 73,0
34; 4,613; 70,0
71; 3,071; 70,0
34; 3,912; 100,0
73; 3,731; 57,0
76; 3,793; 59,0
78; 4,324; 62,0
3; 1,478; 77,0
1; 2,55; 73,0
6; 2,425; 58,0
38; 4,269; 70,0
47; 4,531; 97,0
64; 3,699; 75,0
74; 3,068; 58,0
77; 2,904; 61,0
67; 4,175; 74,0
6; 2,054; 64,0
74; 4,156; 68,0
77; 4,336; 54,0
70; 2,718; 53,0
73; 3,503; 67,0
78; 4,586; 72,0
97; 6,262; 70,0
77; 2,945; 68,0
15; 3,608; 67,0
38; 4,098; 64,0
10; 2,751; 80,0
34; 4,294; 76,0
98; 5,014; 0,0
6; 2,38; 52,0
18; 3,229; 86,0
34; 4,856; 70,0
98; 4,439; 0,0
3; 2,351; 72,0
18; 3,359; 71,0
19; 4,604; 74,0
3; 2,636; 75,0
60; 4,924; 63,0
62; 5,483; 72,0
74; 4,52; 66,0
1; 1,075; 69,0
6; 0,99; 59,0
15; 2,11; 54,0
25; 2,342; 46,0
26; 1,638; 50,0
1; 1,626; 66,0
6; 1,041; 57,0
25; 2,547; 52,0
26; 1,504; 56,0
37; 2,91; 59,0
38; 2,541; 67,0
41; 2,575; 62,0
47; 2,478; 58,0
62; 5,332; 61,0
64; 5,07; 66,0
26; 1,963; 64,0
57; 4,372; 70,0
58; 3,68; 70,0
62; 5,172; 68,0
67; 6,085; 70,0
1; 2,265; 67,0
6; 1,256; 59,0
15; 2,884; 64,0
25; 2,937; 61,0
26; 2,553; 62,0
37; 3,248; 57,0
38; 2,949; 60,0
10; 1,332; 60,0
51; 4,509; 79,0
3; 1,054; 62,0
18; 1,321; 63,0
19; 2,128; 65,0
3; 1,32; 69,0
10; 1,333; 64,0
19; 2,296; 62,0
35; 3,426; 58,0
86; 5,246; 64,0
18; 1,582; 59,0
3; 1,397; 70,0
10; 1,436; 67,0
18; 1,489; 58,0
35; 2,529; 67,0
52; 4,166; 71,0
3; 1,44; 68,0
10; 1,638; 68,0
18; 1,716; 61,0
34; 2,607; 68,0
51; 3,773; 76,0
70; 3,297; 47,0
98; 2,676; 0,0
46; 3,627; 64,0
51; 4,268; 67,0
63; 5,183; 66,0
3; 1,245; 78,0
10; 0,879; 51,0
18; 1,493; 61,0
19; 2,071; 64,0
34; 2,699; 66,0
35; 1,764; 59,0
40; 1,655; 63,0
98; 2,471; 0,0
76; 3,718; 51,0
78; 4,409; 48,0
10; 1,276; 46,0
18; 1,574; 49,0
19; 2,085; 61,0
34; 2,442; 71,0
35; 2,222; 62,0
40; 1,951; 58,0
98; 2,358; 0,0
94; 5,948; 60,0
1; 1,645; 64,0
6; 1,248; 54,0
15; 2,607; 50,0
25; 3,314; 53,0
26; 3,547; 55,0
41; 4,873; 68,0
77; 4,811; 66,0
3; 2,012; 72,0
70; 3,655; 48,0
76; 4,645; 59,0
78; 4,519; 56,0
1; 2,028; 65,0
6; 2,248; 78,0
37; 4,133; 87,0
56; 4,494; 87,0
71; 3,476; 70,0
3; 1,369; 63,0
10; 2,114; 65,0
18; 1,819; 66,0
19; 2,822; 64,0
34; 3,957; 59,0
35; 3,212; 67,0
97; 6,843; 68,0
3; 1,161; 65,0
19; 2,418; 57,0
67; 3,872; 77,0
71; 2,873; 64,0
1; 1,204; 68,0
6; 1,073; 62,0
1; 1,845; 70,0
15; 2,726; 62,0
57; 1,646; 75,0
64; 3,595; 80,0
71; 2,913; 70,0
74; 2,724; 67,0
77; 1,956; 75,0
84; 5,613; 73,0
57; 2,349; 87,0
62; 3,424; 69,0
26; 3,501; 82,0
71; 1,688; 51,0
41; 2,99; 65,0
1; 1,381; 65,0
67; 5,635; 68,0
71; 2,558; 61,0
85; 5,303; 71,0
3; 1,46; 59,0
10; 1,518; 67,0
19; 2,426; 52,0
34; 2,121; 53,0
35; 2,068; 53,0
40; 1,769; 57,0
70; 1,17; 59,0
73; 1,714; 63,0
76; 1,809; 63,0
78; 2,871; 54,0
98; 2,467; 0,0
10; 1,393; 71,0
34; 2,091; 56,0
35; 1,624; 54,0
40; 1,382; 61,0
98; 2,52; 0,0
41; 2,186; 64,0
47; 2,004; 73,0
56; 2,752; 82,0
26; 1,945; 57,0
37; 3,699; 75,0
26; 1,828; 58,0
1; 2,225; 76,0
15; 1,334; 64,0
71; 2,608; 65,0
94; 5,697; 63,0
6; 1,175; 51,0
15; 1,752; 71,0
25; 1,603; 36,0
26; 1,39; 46,0
37; 1,806; 43,0
38; 1,526; 53,0
41; 1,639; 50,0
1; 1,241; 73,0
37; 2,028; 43,0
38; 1,639; 57,0
41; 1,672; 46,0
47; 1,478; 81,0
3; 1,029; 63,0
10; 0,99; 58,0
19; 1,746; 49,0
34; 2,041; 53,0
35; 1,554; 44,0
40; 1,285; 52,0
98; 2,039; 0,0
18; 1,116; 49,0
3; 1,049; 59,0
67; 5,085; 73,0
77; 3,819; 72,0
1; 1,409; 57,0
76; 4,062; 75,0
1; 0,842; 71,0
92; 5,348; 67,0
1; 0,923; 68,0
6; 0,816; 57,0
26; 1,239; 61,0
37; 1,65; 60,0
38; 1,608; 64,0
3; 0,792; 62,0
10; 0,961; 83,0
35; 1,583; 59,0
71; 3,768; 65,0
3; 1,484; 69,0
10; 1,57; 72,0
35; 2,74; 60,0
40; 1,717; 66,0
46; 1,79; 91,0
1; 1,571; 79,0
6; 1,562; 55,0
26; 1,689; 38,0
37; 2,285; 45,0
38; 2,272; 57,0
47; 1,921; 75,0
3; 2,654; 60,0
10; 1,936; 48,0
18; 2,276; 44,0
19; 2,661; 40,0
34; 2,386; 49,0
35; 2,353; 41,0
40; 1,902; 39,0
70; 1,999; 62,0
76; 3,132; 57,0
78; 3,859; 61,0
98; 2,744; 0,0
6; 2,188; 39,0
15; 2,902; 54,0
67; 5,611; 66,0
77; 4,223; 73,0
1; 1,676; 67,0
73; 3,106; 61,0
